%YAML:1.0
---
K: !!opencv-matrix
   rows: 3
   cols: 3
   dt: d
   data: [ 4.1222319424729426e+02, 0., 3.4847912055509431e+02, 0.,
       4.1258616698596950e+02, 2.5857390132145810e+02, 0., 0., 1. ]
D: !!opencv-matrix
   rows: 1
   cols: 5
   dt: d
   data: [ -4.0209438076446741e-01, 2.0032473446379767e-01,
       1.8339318172792816e-03, 1.1637989542805204e-05,
       -5.6853050699759988e-02 ]
