%YAML:1.0
---
K: !!opencv-matrix
   rows: 3
   cols: 3
   dt: d
   data: [ 4.1960000513645474e+02, 0., 3.3726427726279258e+02, 0.,
       4.1993830430798158e+02, 2.6261195756070867e+02, 0., 0., 1. ]
D: !!opencv-matrix
   rows: 1
   cols: 5
   dt: d
   data: [ -4.0743649623731915e-01, 2.0616136022609466e-01,
       1.2086957885461386e-03, -1.3963165669994812e-04,
       -5.8875175232712844e-02 ]
