%YAML:1.0
---
K1: !!opencv-matrix
   rows: 3
   cols: 3
   dt: d
   data: [ 4.1222319424729426e+02, 0., 3.4847912055509431e+02, 0.,
       4.1258616698596950e+02, 2.5857390132145810e+02, 0., 0., 1. ]
D1: !!opencv-matrix
   rows: 1
   cols: 5
   dt: d
   data: [ -4.0209438076446741e-01, 2.0032473446379767e-01,
       1.8339318172792816e-03, 1.1637989542805204e-05,
       -5.6853050699759988e-02 ]
K2: !!opencv-matrix
   rows: 3
   cols: 3
   dt: d
   data: [ 4.1960000513645474e+02, 0., 3.3726427726279258e+02, 0.,
       4.1993830430798158e+02, 2.6261195756070867e+02, 0., 0., 1. ]
D2: !!opencv-matrix
   rows: 1
   cols: 5
   dt: d
   data: [ -4.0743649623731915e-01, 2.0616136022609466e-01,
       1.2086957885461386e-03, -1.3963165669994812e-04,
       -5.8875175232712844e-02 ]
R: !!opencv-matrix
   rows: 3
   cols: 3
   dt: d
   data: [ 9.9992829075100065e-01, -8.7647221318443557e-03,
       8.1604535250144050e-03, 8.7659079628924479e-03,
       9.9996157268903851e-01, -1.0955752292278712e-04,
       -8.1591796994833418e-03, 1.8108345117085872e-04,
       9.9996669694316087e-01 ]
T: !!opencv-matrix
   rows: 3
   cols: 1
   dt: d
   data: [ -5.9869897301261327e-02, -1.4246191787308264e-04,
       7.9234936885492022e-03 ]
E: !!opencv-matrix
   rows: 3
   cols: 3
   dt: d
   data: [ -6.8294244030121977e-05, -7.9232150074890796e-03,
       -1.4158909511432252e-04, 7.4344362500967411e-03,
       -5.8605772868998982e-05, 5.9932562752669699e-02,
       -3.8236230745473877e-04, -5.9868845301225028e-02,
       7.7217515058555593e-06 ]
F: !!opencv-matrix
   rows: 3
   cols: 3
   dt: d
   data: [ -1.1097455194994511e-06, -1.2863480743108212e-04,
       3.2699905344183183e-02, 1.2070835586994347e-04,
       -9.5070866378816102e-07, 3.5931095319556805e-01,
       -3.3932233088079092e-02, -3.6420979548083549e-01, 1. ]
R1: !!opencv-matrix
   rows: 3
   cols: 3
   dt: d
   data: [ 9.9237308574973693e-01, -6.3538333039634054e-03,
       -1.2310681330410053e-01, 6.3956489905293845e-03,
       9.9997954608724182e-01, -5.5508049669063741e-05,
       1.2310464797697591e-01, -7.3226327170156655e-04,
       9.9239342472477399e-01 ]
R2: !!opencv-matrix
   rows: 3
   cols: 3
   dt: d
   data: [ 9.9135300557583017e-01, 2.3589492688273197e-03,
       -1.3120081438053321e-01, -2.3698054665070240e-03,
       9.9999718931400750e-01, 7.3390296816011304e-05,
       1.3120061874022904e-01, 2.3816471580056082e-04,
       9.9135580944469637e-01 ]
P1: !!opencv-matrix
   rows: 3
   cols: 4
   dt: d
   data: [ 5.3994586146833012e+02, 0., 4.6851158237457275e+02, 0., 0.,
       5.3994586146833012e+02, 2.6415181350708008e+02, 0., 0., 0., 1.,
       0. ]
P2: !!opencv-matrix
   rows: 3
   cols: 4
   dt: d
   data: [ 5.3994586146833012e+02, 0., 4.6851158237457275e+02,
       -3.2608468519821614e+01, 0., 5.3994586146833012e+02,
       2.6415181350708008e+02, 0., 0., 0., 1., 0. ]
Q: !!opencv-matrix
   rows: 4
   cols: 4
   dt: d
   data: [ 1., 0., 0., -4.6851158237457275e+02, 0., 1., 0.,
       -2.6415181350708008e+02, 0., 0., 0., 5.3994586146833012e+02, 0.,
       0., 1.6558455087828328e+01, 0. ]
